0.154595
0.0126907
0.0024096
0.00999544
0.027274
0.0681002
0.565794
0.0655659
0.100068
0.00751976
0.00725056
0.0023904
0.0024
0.0024048
0.0024032
0.0024192
0.0024016
0.0024096
0.0024
0.002416
0.0024
0.0023808
0.0023904
0.0024
0.0744713
0.00243096
0.0036128
0.0151775
0.0170336
0.0205647
0.0455487
0.0146684
0.0153118
0.0131746
0.0135446
0.0024064
0.002392
0.002384
0.0023888
0.0024048
0.0023952
0.002384
0.002376
0.0023792
0.0024048
0.0024064
0.0023872
0.0023856
0.0796679
0.20648
0.0105416
0.0633492
0.180322
0.30097
0.00836824
0.0384941
0.0024224
0.00256512
0.002408
0.00252736
0.0023776
0.0023904
0.0023824
0.0023728
0.002424
0.00251136
0.0023984
0.0023872
0.00244
0.0023888
0.002408
0.002392
0.00249184
0.0583498
0.0433096
0.166267
0.154083
0.490294
0.649978
0.636228
0.537788
0.601632
0.60068
0.002392
0.0024048
0.0024128
0.0023936
0.002408
0.0024416
0.0023568
0.002408
0.0023952
0.0024352
0.0024192
0.0023776
0.0023888
0.00783448
0.0036488
0.0774018
0.167962
0.59169
0.947272
0.399122
0.487184
0.488122
0.719713
0.232961
0.0004752
0.0004576
0.000472
0.0004864
0.0004352
0.0004576
0.0004752
0.000488
0.0004832
0.0004528
0.000472
0.0005136
0.000488
0.140415
0.231595
0.0420525
0.0006576
0.0025336
0.0338802
0.278646
0.00823
0.00839264
0.00125376
0.0004752
0.0004832
0.0004688
0.0004624
0.0005136
0.0004848
0.0004832
0.000504
0.000488
0.0004592
0.0004656
0.000456
0.0004944
0.0004656
0.00067008
0.0639672
0.0139599
0.00114784
0.00809336
0.151942
0.00048512
0.0742362
0.241012
0.49102
0.00991104
0.0004848
0.0004704
0.000488
0.00052
0.0004736
0.0004976
0.0004944
0.000472
0.0005024
0.0004688
0.0005008
0.0004608
0.0004832
0.191974
0.0501968
0.167301
0.00959896
0.116789
0.0335395
0.0317438
0.00587264
0.00516864
0.0228391
0.0139133
0.0005024
0.0004928
0.0004704
0.0004944
0.0004416
0.0004672
0.0004944
0.0004896
0.0004736
0.0004912
0.000464
0.0004832
0.0004752
0.22297
0.134661
0.00057056
0.155643
0.331385
0.022107
0.0202377
0.0261093
0.01584
0.490885
0.61635
0.0004864
0.0004784
0.0004496
0.0004512
0.0004832
0.00048
0.0004416
0.000488
0.0004608
0.0004928
0.0004784
0.0004784
0.0004816
0.00603744
0.00873376
0.0292634
0.0005088
0.0103123
0.0598861
0.086617
0.0186886
0.168802
0.0448034
0.0135696
0.000464
0.0004864
0.0004672
0.0004624
0.0004608
0.0004576
0.0004848
0.0004864
0.0004896
0.0004816
0.0005008
0.0004768
0.0004752
0.00113312
0.139215
0.131246
0.00517232
0.28408
0.021398
0.023098
0.00406976
0.0093388
0.00225904
0.00059776
0.0004608
0.0005104
0.0004912
0.0005088
0.0004928
0.0004496
0.0004848
0.0004864
0.0004768
0.00048
0.0004576
0.0004736
0.0004928
0.109383
0.356026
0.00066304
0.00594112
0.322149
0.790954
0.217557
0.0153642
0.215894
0.82934
0.919456
0.459383
0.0004896
0.0004752
0.0005008
0.0004768
0.0004768
0.0005056
0.0004704
0.0004848
0.0004384
0.000472
0.0004656
0.0005104
0.272013
0.00235584
0.264042
0.160069
0.19013
0.0005592
0.171654
0.00465768
0.360753
0.325181
0.205016
0.0171987
0.000504
0.0005136
0.0004992
0.0005024
0.0005008
0.0005136
0.000464
0.00048
0.0004944
0.0005088
0.000456
0.0004704
0.00919024
0.18963
0.175522
0.006272
0.0111223
0.336991
0.305487
0.322646
0.00269456
0.00194912
0.00048
0.0004864
0.0004928
0.0005264
0.0004752
0.0004896
0.000504
0.0004672
0.0004896
0.000512
0.000488
0.0004768
0.00048
0.0005136
0.0046564
0.0127133
0.0243869
0.29285
0.302623
0.224142
0.477225
0.397108
0.0122416
0.0752829
0.00897312
0.0004832
0.0004816
0.00058656
0.0004288
0.0005008
0.0004688
0.0004656
0.0004832
0.0004736
0.0004512
0.0004928
0.0004976
0.000472
0.0114098
0.00571376
0.174787
0.108975
0.235935
0.00064224
0.155031
0.0208526
0.12689
0.542029
0.266953
0.0004544
0.0004528
0.0004816
0.0004512
0.0005136
0.0004544
0.0004832
0.000472
0.0004864
0.0004752
0.0004848
0.0005136
0.0004656
0.155854
0.0038352
0.00974752
0.0038336
0.00706912
0.00565296
0.581524
0.069417
0.0689987
0.00654904
0.0038416
0.0038432
0.00384
0.00384
0.00384
0.00384
0.00384
0.00384
0.00384
0.00384
0.00384
0.00384
0.0038384
0.00384
0.0018384
0.0019056
0.00341792
0.0130562
0.205613
0.010616
0.0022132
0.306634
0.206369
0.00307136
0.00192
0.0019232
0.00192
0.00192
0.00192
0.00192
0.00192
0.00192
0.00192
0.00192
0.00192
0.00192
0.0019184
0.00192
0.005064
0.0158282
0.00193696
0.00971304
0.00192
0.0130266
0.359527
0.186675
0.00204896
0.00835888
0.00192
0.0019232
0.00192
0.00192
0.00192
0.00192
0.00192
0.00192
0.00192
0.00192
0.00192
0.00192
0.0019184
0.00192
0.225268
0.128287
0.259518
0.304827
0.817329
0.932299
0.209895
0.00880696
0.0160134
0.250735
0.281063
0.0186682
0.00192
0.00192
0.00192
0.00192
0.00192
0.00192
0.00192
0.00192
0.00192
0.00192
0.0019184
0.00192
0.0018368
0.00449056
0.0675476
0.00215936
0.0153251
0.00580992
0.00493248
0.0122435
0.0244195
0.10341
0.0019216
0.0019232
0.00192
0.00192
0.00192
0.00192
0.00192
0.00192
0.00192
0.00192
0.00192
0.00192
0.0019184
0.00192
0.0110265
0.00376544
0.00660448
0.0123562
0.0130703
0.0121248
0.0018448
0.0019184
0.136549
0.110787
0.0235731
0.0019232
0.00192
0.00192
0.00192
0.00192
0.00192
0.00192
0.00192
0.00192
0.00192
0.00192
0.0019184
0.00192
0.0594595
0.00756144
0.00709192
0.00216864
0.0805838
0.0018576
0.00701872
0.00212464
0.18181
0.221533
0.184063
0.0019232
0.00192
0.00192
0.00192
0.00192
0.00192
0.00192
0.00192
0.00192
0.00192
0.00192
0.0019184
0.00192
0.20885
0.00211424
0.00199936
0.15895
0.0115198
0.0705365
0.00334272
0.00915328
0.250444
0.848647
0.579286
0.0019232
0.00192
0.00192
0.00192
0.00192
0.00192
0.00192
0.00192
0.00192
0.00192
0.00192
0.0019184
0.00192
0.00496296
0.00611896
0.00475168
0.0175841
0.00963584
0.400868
0.0940101
0.52724
0.311773
0.603757
0.598466
0.0024272
0.002376
0.0024096
0.0024112
0.0024096
0.0024368
0.0023616
0.002392
0.0023984
0.002408
0.0023952
0.0023744
0.0023904
0.330711
0.273986
0.208605
0.00348312
0.0211569
0.0329254
0.0164946
0.0165773
0.0148234
0.0219562
0.0138742
0.0004896
0.0004736
0.000456
0.0005056
0.000472
0.0005024
0.0004896
0.0005024
0.0004752
0.0004912
0.000472
0.0004784
0.0004736
0.115223
0.265831
0.133227
0.00594528
0.00305088
0.0642678
0.126679
0.0005296
0.389913
0.513532
0.640071
0.458301
0.0005008
0.0005024
0.0004768
0.0004736
0.0004544
0.0005168
0.0004704
0.000496
0.000464
0.000464
0.0004656
0.0004752
0.00979272
0.0107618
0.0128673
0.398289
0.190131
0.315207
0.4008
0.43888
0.0129074
0.0753104
0.00897216
0.0004688
0.0004896
0.000472
0.0004464
0.0004848
0.0004464
0.000472
0.0004752
0.0004704
0.0004768
0.0005088
0.00052
0.0005008
0.0771404
0.00387104
0.00658128
0.0039328
0.0038464
0.00376
0.00393216
0.168565
0.0038096
0.00550912
0.0038368
0.0038448
0.00384
0.00384
0.00384
0.00384
0.00384
0.00384
0.00384
0.00384
0.00384
0.00384
0.0038384
0.00384
0.0019056
0.00192
0.0434555
0.013015
0.00396016
0.0235616
0.00661376
0.00232832
0.00714496
0.0082304
0.0131187
0.0019248
0.00192
0.00192
0.00192
0.00192
0.00192
0.00192
0.00192
0.00192
0.00192
0.00192
0.00192
0.00192
0.00199904
0.00192
0.00192
0.00214176
0.00946304
0.0701117
0.0952196
0.019674
0.00191168
0.00208992
0.00192
0.0019248
0.00192
0.00192
0.00192
0.00192
0.00192
0.00192
0.00192
0.00192
0.00192
0.00192
0.00192
0.00192
0.00689344
0.0067376
0.00313504
0.002096
0.00192
0.00601656
0.0018256
0.00201056
0.169085
0.0382924
0.0019232
0.0019216
0.00192
0.00192
0.00192
0.00192
0.00192
0.00192
0.00192
0.00192
0.00192
0.00192
0.00192
0.00192
0.147234
0.22818
0.011143
0.00699648
0.0117011
0.0025808
0.00500232
0.00358984
0.00274368
0.00199456
0.00192
0.0019248
0.00192
0.00192
0.00192
0.00192
0.00192
0.00192
0.00192
0.00192
0.00192
0.00192
0.00192
0.00192
0.00195584
0.00528312
0.0265282
0.0019168
0.00199104
0.0105926
0.0018256
0.00203968
0.00200768
0.0019152
0.00192
0.0019248
0.00192
0.00192
0.00192
0.00192
0.00192
0.00192
0.00192
0.00192
0.00192
0.00192
0.00192
0.00192
0.00227152
0.00874272
0.0021824
0.00401792
0.016819
0.344052
0.57819
0.177452
0.0188553
0.0069816
0.00192
0.0019248
0.00192
0.00192
0.00192
0.00192
0.00192
0.00192
0.00192
0.00192
0.00192
0.00192
0.00192
0.00192
0.00405312
0.189171
0.168949
0.0019168
0.00473688
0.001832
0.0376639
0.00222688
0.0030328
0.00953248
0.0149907
0.0019248
0.00192
0.00192
0.00192
0.00192
0.00192
0.00192
0.00192
0.00192
0.00192
0.00192
0.00192
0.00192
0.154502
0.264158
0.0481613
0.0480608
0.178136
0.378029
0.245186
0.0156558
0.00263936
0.00709904
0.00247776
0.0023792
0.0024272
0.002376
0.0023824
0.002384
0.0024208
0.002408
0.002392
0.0024048
0.0024112
0.0023856
0.002392
0.0024016
0.00904544
0.00587984
0.00258856
0.00713504
0.0905511
0.165727
0.0285486
0.0646622
0.0541958
0.00752704
0.0004464
0.000512
0.0004784
0.0005104
0.000504
0.0004544
0.0004496
0.0004704
0.0004848
0.0004768
0.000464
0.0004768
0.0004752
0.000472
0.0030896
0.168567
0.0004784
0.00517328
0.283403
0.64362
0.190746
0.00703744
0.0006044
0.447136
0.644334
0.000488
0.0004672
0.0004736
0.000504
0.000488
0.0004784
0.0004944
0.0004768
0.0004672
0.0004768
0.0004992
0.0004624
0.0005024
0.00070112
0.0031924
0.274691
0.161985
0.105539
0.00064
0.0004896
0.0100662
0.184634
0.0185066
0.0004416
0.0004608
0.0004672
0.00048
0.0004496
0.0005136
0.0004912
0.0004672
0.0004864
0.0004912
0.000488
0.0004784
0.0005088
0.000464
0.00428776
0.0038352
0.134364
0.0095056
0.00405344
0.00611832
0.0353399
0.00690848
0.0117712
0.0038416
0.0038368
0.0038432
0.00384
0.00384
0.00384
0.00384
0.00384
0.00384
0.00384
0.00384
0.00384
0.00384
0.00384
0.00384
0.0019072
0.0683928
0.008302
0.00658512
0.00973248
0.00217792
0.00184
0.00239296
0.00210616
0.00210752
0.00192
0.0019232
0.00192
0.00192
0.00192
0.00192
0.00192
0.00192
0.00192
0.00192
0.00192
0.00192
0.00192
0.00192
0.0019056
0.00709056
0.0196063
0.294264
0.295453
0.0019072
0.001824
0.0018768
0.00615456
0.0806683
0.011359
0.0019232
0.00192
0.00192
0.00192
0.00192
0.00192
0.00192
0.00192
0.00192
0.00192
0.00192
0.00192
0.00192
0.00623304
0.00220768
0.00871984
0.0474035
0.0134646
0.00634368
0.0018208
0.0762675
0.230392
0.470487
0.00203936
0.00203616
0.00192
0.00203616
0.00192
0.00192
0.00192
0.00203616
0.00192
0.00192
0.00192
0.00192
0.00192
0.00192
0.0766147
0.00474024
0.00196896
0.00531432
0.010001
0.0019408
0.0253003
0.122978
0.0121373
0.0220752
0.0104397
0.0019232
0.00192
0.00192
0.00192
0.00192
0.00192
0.00192
0.00192
0.00192
0.00192
0.00192
0.00192
0.00192
0.0019056
0.329384
0.00933944
0.00809088
0.284821
0.352546
0.211591
0.276844
0.00204864
0.00192
0.00192
0.0019232
0.00192
0.00192
0.00192
0.00192
0.00192
0.00192
0.00192
0.00192
0.00192
0.00192
0.00192
0.00192
0.0039776
0.00789816
0.00810624
0.00282912
0.0018528
0.0419484
0.21736
0.0400677
0.0075936
0.00192
0.00192
0.0019232
0.00192
0.00192
0.00192
0.00192
0.00192
0.00192
0.00192
0.00192
0.00192
0.00192
0.00192
0.00192
0.0026352
0.0122666
0.003168
0.001912
0.168733
0.297773
0.0218544
0.00432392
0.00726056
0.00192
0.00192
0.0019232
0.00192
0.00192
0.00192
0.00192
0.00192
0.00192
0.00192
0.00192
0.00192
0.00192
0.00192
0.00192
0.00246464
0.0050336
0.00263808
0.166206
0.173228
0.0130031
0.93216
0.207013
0.33075
0.00739088
0.002344
0.0023888
0.0023632
0.0024176
0.0023984
0.0024048
0.0024048
0.00236
0.0024016
0.0024
0.0024224
0.0024032
0.0023904
0.002384
0.00049184
0.00546656
0.00535328
0.0111142
0.0170806
0.00600376
0.00196032
0.305884
0.444432
0.607825
0.2108
0.0004848
0.0004912
0.0004656
0.0005152
0.0004656
0.0004688
0.0005344
0.0004816
0.0004656
0.000456
0.0004608
0.0005136
0.0004736
0.00317568
0.0648577
0.0253111
0.0155994
0.534709
0.185035
0.0031444
0.0169801
0.0133941
0.1552
0.000528
0.0004672
0.0004928
0.0004416
0.000448
0.0004704
0.0004752
0.0004512
0.0004848
0.00048
0.000488
0.0005088
0.00048
0.0004688
0.0633921
0.187757
0.208993
0.00659128
0.126047
0.00050976
0.149114
0.00857704
0.131283
0.540855
0.266953
0.0004992
0.0004928
0.0005152
0.0004784
0.0004992
0.0004912
0.0004944
0.000472
0.0004944
0.0004736
0.0004672
0.000456
0.0005136
0.00650784
0.0376893
0.17692
0.00960904
0.323678
0.790702
0.326327
0.0102526
0.211353
0.614383
0.625062
0.467147
0.00384
0.00384
0.00384
0.00384
0.00384
0.00384
0.00384
0.00384
0.00384
0.00384
0.00384
0.00384
0.0018896
0.0019232
0.172348
0.0019168
0.00591424
0.113476
0.0074368
0.00188
0.00288024
0.0019088
0.0019232
0.00192
0.00192
0.00192
0.00192
0.00192
0.00192
0.00192
0.00192
0.00192
0.00192
0.00192
0.00192
0.00192
0.00919904
0.0602171
0.00387464
0.0019168
0.131671
0.0340237
0.00940056
0.016679
0.226818
0.59986
0.601234
0.00192
0.00192
0.00192
0.00192
0.00192
0.00192
0.00192
0.00192
0.00192
0.00192
0.00192
0.00192
0.00192
0.00230312
0.00194016
0.00212864
0.0079472
0.00238408
0.0081568
0.00754144
0.0187657
0.00223168
0.00335744
0.0019232
0.00192
0.00192
0.00192
0.00192
0.00192
0.00192
0.00192
0.00192
0.00192
0.00192
0.00192
0.00192
0.00192
0.096861
0.316491
0.035565
0.0107052
0.269617
0.00334784
0.0477416
0.00531968
0.126223
0.74171
0.569816
0.00192
0.00192
0.00192
0.00192
0.00192
0.00192
0.00192
0.00192
0.00192
0.00192
0.00192
0.00192
0.00192
0.193406
0.0506934
0.00192
0.102694
0.0018496
0.372078
0.240342
0.0033172
0.00250704
0.0019088
0.0019232
0.00192
0.00192
0.00192
0.00192
0.00192
0.00192
0.00192
0.00192
0.00192
0.00192
0.00192
0.00192
0.00192
0.0051044
0.00718448
0.00192
0.165161
0.0123655
0.0027484
0.0626118
0.486722
0.0916134
0.012721
0.00860448
0.00192
0.00192
0.00192
0.00192
0.00192
0.00192
0.00192
0.00192
0.00192
0.00192
0.00192
0.00192
0.00192
0.012
0.0088128
0.00447488
0.004598
0.0943962
0.00302816
0.361338
0.147982
0.23952
0.0228618
0.0019232
0.00192
0.00192
0.00192
0.00192
0.00192
0.00192
0.00192
0.00192
0.00192
0.00192
0.00192
0.00192
0.00192
0.149296
0.00533808
0.0036256
0.0229417
0.0177078
0.0880674
0.0161798
0.00479168
0.00937168
0.0088892
0.0183514
0.00252096
0.002408
0.0023888
0.002376
0.0024064
0.0024
0.00253216
0.0023968
0.0023744
0.0024384
0.0024112
0.0024064
0.0023904
0.00064544
0.0640758
0.0841682
0.157634
0.5914
1.00979
0.614454
0.189279
0.231157
0.596414
0.0314877
0.0004592
0.0004464
0.0004608
0.0004896
0.0004432
0.0004848
0.0004736
0.0004688
0.0005008
0.0004672
0.0004832
0.0004848
0.0004928
0.227549
0.129867
0.00272656
0.140556
0.12688
0.00362144
0.0246801
0.0396597
0.0188536
0.247333
0.257246
0.0004928
0.000504
0.0004656
0.0004944
0.0004816
0.000456
0.0004544
0.0004992
0.0004688
0.000464
0.0004368
0.0004864
0.0005136
0.223384
0.00870136
0.142186
0.0013088
0.318084
0.250542
0.563495
0.278676
0.174971
0.309858
0.203786
0.0171606
0.0004816
0.00064096
0.00048
0.0005088
0.0004992
0.000496
0.0004752
0.000496
0.0004704
0.0005088
0.0004624
0.0004432
